0 -74.60270781
100000 -63.08950451
200000 -51.57630121
300000 -40.06309791
400000 -28.54989461
500000 -17.03669131
600000 -5.523488013
650000 0.233113637
700000 5.989715287
800000 17.50291859
900000 29.01612189
1000000 40.52932519
1100000 52.04252849
1200000 63.55573179
1300000 75.06893509
1400000 86.58213839
1500000 98.09534169
1600000 109.608545
1700000 121.1217483
1800000 132.6349516
1900000 144.1481549
2000000 155.6613582
2100000 167.1745615
2200000 178.6877648
2300000 190.2009681
2400000 201.7141714
2500000 213.2273747
2600000 224.740578
2700000 236.2537813
2800000 247.7669846
2900000 259.2801879
3000000 270.7933912
3100000 282.3065945
3200000 293.8197978
3300000 305.3330011
3400000 316.8462044
3500000 328.3594077
3600000 339.872611
3700000 351.3858143
3800000 362.8990176
3900000 374.4122209
4000000 385.9254242
4100000 397.4386275
4200000 408.9518308
4300000 420.4650341
4400000 431.9782374
4500000 443.4914407
4600000 455.004644
4700000 466.5178473
5700000 581.6498803
6700000 696.7819133
7700000 811.9139463
8700000 927.0459793
9700000 1042.178012
10700000 1157.310045
11700000 1272.442078
12700000 1387.574111
13700000 1502.706144
14700000 1617.838177
15700000 1732.97021
33554432 3788.587265

